Base_Learner,Algorithm,Algorithm_Metric,Algorithm_Height,Algorithm_Order,Prediction_Type,Metric,Mean,Std
RF,PreOrder__Hamming__None,Hamming,,PreOrder,BinaryVector,hamming_accuracy,0.5893261455525607,0.011812005353772356
RF,PreOrder__Hamming__None,Hamming,,PreOrder,BinaryVector,subset0_1,0.0003773584905660377,0.0012796849024764659
RF,PreOrder__Hamming__None,Hamming,,PreOrder,BinaryVector,f1,0.5380581867666471,0.016969673026390117
RF,PreOrder__Hamming__None,Hamming,,PreOrder,BinaryVector,jaccard,0.3891353876731236,0.015099892142194359
RF,PreOrder__Hamming__None,Hamming,,PreOrder,BinaryVector,macro_f1,0.5346732125672959,0.017477830455013638
RF,PreOrder__Hamming__None,Hamming,,PreOrder,BinaryVector,micro_f1,0.5634945083879093,0.015197109334274431
RF,PreOrder__Hamming__None,Hamming,,PreOrder,BinaryVector,macro_precision,0.4370840290345548,0.019964587868401534
RF,PreOrder__Hamming__None,Hamming,,PreOrder,BinaryVector,micro_precision,0.4583374411243111,0.018353224119737187
RF,PreOrder__Hamming__None,Hamming,,PreOrder,BinaryVector,macro_recall,0.700238362289957,0.012645389568961376
RF,PreOrder__Hamming__None,Hamming,,PreOrder,BinaryVector,micro_recall,0.7319505766792096,0.011849618832790024
RF,PreOrder__Hamming__None,Hamming,,PreOrder,BinaryVector,example_precision,0.4552816805835675,0.018970488369350818
RF,PreOrder__Hamming__None,Hamming,,PreOrder,BinaryVector,example_recall,0.734065779084647,0.0167893148005505
RF,PreOrder__Hamming__None,Hamming,,PreOrder,BinaryVector,mfrd,0.6055109794008565,0.0598020695046448
RF,PreOrder__Hamming__None,Hamming,,PreOrder,BinaryVector,afrd,0.24806989745479363,0.023492286151310784
RF,PreOrder__Hamming__None,Hamming,,PreOrder,PartialAbstention,hamming_accuracy_pa,0.5911076818143673,0.01217126029704816
RF,PreOrder__Hamming__None,Hamming,,PreOrder,PartialAbstention,subset0_1_pa,0.0003773584905660377,0.0012796849024764659
RF,PreOrder__Hamming__None,Hamming,,PreOrder,PartialAbstention,f1_pa,0.5388054490794651,0.01718567282147313
RF,PreOrder__Hamming__None,Hamming,,PreOrder,PartialAbstention,jaccard_pa,0.38990128739185353,0.015272033697296716
RF,PreOrder__Hamming__None,Hamming,,PreOrder,PartialAbstention,example_precision_pa,0.4565614322784135,0.019354080528425355
RF,PreOrder__Hamming__None,Hamming,,PreOrder,PartialAbstention,example_recall_pa,0.7329839432056413,0.017119355049059086
RF,PreOrder__Hamming__None,Hamming,,PreOrder,PartialAbstention,macro_precision_pa,0.4389697659772132,0.020410291494254724
RF,PreOrder__Hamming__None,Hamming,,PreOrder,PartialAbstention,micro_precision_pa,0.4603848744834482,0.01873370206980793
RF,PreOrder__Hamming__None,Hamming,,PreOrder,PartialAbstention,macro_recall_pa,0.6992883814800327,0.012922247340896347
RF,PreOrder__Hamming__None,Hamming,,PreOrder,PartialAbstention,micro_recall_pa,0.7312351358388238,0.012003274156030435
RF,PreOrder__Hamming__None,Hamming,,PreOrder,PartialAbstention,macro_f1_pa,0.5358090725009333,0.017718757484377963
RF,PreOrder__Hamming__None,Hamming,,PreOrder,PartialAbstention,micro_f1_pa,0.5648158427134738,0.01540030464976095
RF,PreOrder__Hamming__None,Hamming,,PreOrder,PartialAbstention,mfrd_pa,0.6037686784519023,0.061107207695322956
RF,PreOrder__Hamming__None,Hamming,,PreOrder,PartialAbstention,afrd_pa,0.2468501970786668,0.024165491485467375
RF,PreOrder__Hamming__None,Hamming,,PreOrder,PartialAbstention,arec,0.5929919137466307,0.012346440553586911
RF,PreOrder__Hamming__None,Hamming,,PreOrder,PartialAbstention,aabs,0.004622641509433962,0.0020802793758501787
RF,PreOrder__Hamming__None,Hamming,,PreOrder,PartialAbstention,rec,0.0003773584905660377,0.0012796849024764659
RF,PreOrder__Hamming__None,Hamming,,PreOrder,PartialAbstention,abs,0.05283018867924529,0.020882965680357222
RF,PreOrder__Hamming__None,Hamming,,PreOrder,ScoreVector,ranking_loss,0.32982141207848753,0.010907612458334421
RF,PreOrder__Hamming__None,Hamming,,PreOrder,ScoreVector,one_error,0.37,0.039915360790751885
RF,PreOrder__Hamming__None,Hamming,,PreOrder,ScoreVector,coverage,9.618301886792452,0.14078379991919074
RF,PreOrder__Hamming__None,Hamming,,PreOrder,ScoreVector,lr_ap,0.6243181684077272,0.016683655734032125
RF,PreOrder__Hamming__None,Hamming,,PreOrder,ScoreVector,auc_macro,0.6485265615601762,0.012484612332083271
RF,PreOrder__Hamming__None,Hamming,,PreOrder,ScoreVector,auc_micro,0.6778858700886339,0.009919093581830745
RF,PreOrder__Hamming__None,Hamming,,PreOrder,ScoreVector,auprc_macro,0.5019502700237458,0.024844370800927065
RF,PreOrder__Hamming__None,Hamming,,PreOrder,ScoreVector,auprc_micro,0.5365942345882274,0.022660648901811454
RF,PreOrder__Hamming__None,Hamming,,PreOrder,PreferenceOrder,hamming_accuracy_PRE_ORDER,0.43299606054323037,0.010748274405565118
RF,PreOrder__Hamming__None,Hamming,,PreOrder,PreferenceOrder,subset0_1_PRE_ORDER,0.00018867924528301886,0.0009243357519936521
RF,PreOrder__Hamming__2,Hamming,2.0,PreOrder,BinaryVector,hamming_accuracy,0.6489083557951483,0.009295030124851923
RF,PreOrder__Hamming__2,Hamming,2.0,PreOrder,BinaryVector,subset0_1,0.0024528301886792454,0.0033005388084030004
RF,PreOrder__Hamming__2,Hamming,2.0,PreOrder,BinaryVector,f1,0.49870716183687164,0.016015966204290112
RF,PreOrder__Hamming__2,Hamming,2.0,PreOrder,BinaryVector,jaccard,0.3550737412482696,0.013755880851930987
RF,PreOrder__Hamming__2,Hamming,2.0,PreOrder,BinaryVector,macro_f1,0.4755500950273799,0.016502782093634843
RF,PreOrder__Hamming__2,Hamming,2.0,PreOrder,BinaryVector,micro_f1,0.5174522601588366,0.014203138621957174
RF,PreOrder__Hamming__2,Hamming,2.0,PreOrder,BinaryVector,macro_precision,0.47827841626874373,0.024616878185485577
RF,PreOrder__Hamming__2,Hamming,2.0,PreOrder,BinaryVector,micro_precision,0.5155049628629073,0.02201333049594955
RF,PreOrder__Hamming__2,Hamming,2.0,PreOrder,BinaryVector,macro_recall,0.4803483171364609,0.011066975920454004
RF,PreOrder__Hamming__2,Hamming,2.0,PreOrder,BinaryVector,micro_recall,0.5197414798636335,0.00902291910677788
RF,PreOrder__Hamming__2,Hamming,2.0,PreOrder,BinaryVector,example_precision,0.5182654986522911,0.022617381817470153
RF,PreOrder__Hamming__2,Hamming,2.0,PreOrder,BinaryVector,example_recall,0.5349546135206513,0.013853008324771172
RF,PreOrder__Hamming__2,Hamming,2.0,PreOrder,BinaryVector,mfrd,0.5972347072952225,0.05867978157637127
RF,PreOrder__Hamming__2,Hamming,2.0,PreOrder,BinaryVector,afrd,0.2829324932186099,0.021366122398929082
RF,PreOrder__Hamming__2,Hamming,2.0,PreOrder,PartialAbstention,hamming_accuracy_pa,0.6500241016652454,0.009288194286684908
RF,PreOrder__Hamming__2,Hamming,2.0,PreOrder,PartialAbstention,subset0_1_pa,0.0024528301886792454,0.0033005388084030004
RF,PreOrder__Hamming__2,Hamming,2.0,PreOrder,PartialAbstention,f1_pa,0.4989480362664254,0.01602075301618817
RF,PreOrder__Hamming__2,Hamming,2.0,PreOrder,PartialAbstention,jaccard_pa,0.355352757829173,0.013770046315430447
RF,PreOrder__Hamming__2,Hamming,2.0,PreOrder,PartialAbstention,example_precision_pa,0.5191644953578916,0.02300417506046331
RF,PreOrder__Hamming__2,Hamming,2.0,PreOrder,PartialAbstention,example_recall_pa,0.53400492798606,0.013216327155553716
RF,PreOrder__Hamming__2,Hamming,2.0,PreOrder,PartialAbstention,macro_precision_pa,0.4804153944914378,0.025115382254339604
RF,PreOrder__Hamming__2,Hamming,2.0,PreOrder,PartialAbstention,micro_precision_pa,0.5176856768849981,0.022358253864969896
RF,PreOrder__Hamming__2,Hamming,2.0,PreOrder,PartialAbstention,macro_recall_pa,0.4795228096685655,0.01105155223520514
RF,PreOrder__Hamming__2,Hamming,2.0,PreOrder,PartialAbstention,micro_recall_pa,0.5190839189136254,0.008933917707130236
RF,PreOrder__Hamming__2,Hamming,2.0,PreOrder,PartialAbstention,macro_f1_pa,0.47606007783244386,0.01647529220908746
RF,PreOrder__Hamming__2,Hamming,2.0,PreOrder,PartialAbstention,micro_f1_pa,0.5182089912491747,0.014156425473649432
RF,PreOrder__Hamming__2,Hamming,2.0,PreOrder,PartialAbstention,mfrd_pa,0.6013293379940807,0.0601389299365868
RF,PreOrder__Hamming__2,Hamming,2.0,PreOrder,PartialAbstention,afrd_pa,0.2849907087755941,0.021220247606151304
RF,PreOrder__Hamming__2,Hamming,2.0,PreOrder,PartialAbstention,arec,0.65088948787062,0.00937490176688508
RF,PreOrder__Hamming__2,Hamming,2.0,PreOrder,PartialAbstention,aabs,0.0024797843665768193,0.0015509781542658546
RF,PreOrder__Hamming__2,Hamming,2.0,PreOrder,PartialAbstention,rec,0.0024528301886792454,0.0033005388084030004
RF,PreOrder__Hamming__2,Hamming,2.0,PreOrder,PartialAbstention,abs,0.026037735849056606,0.01425246601360095
RF,PreOrder__Hamming__2,Hamming,2.0,PreOrder,ScoreVector,ranking_loss,0.32982141207848753,0.010907612458334421
RF,PreOrder__Hamming__2,Hamming,2.0,PreOrder,ScoreVector,one_error,0.37,0.039915360790751885
RF,PreOrder__Hamming__2,Hamming,2.0,PreOrder,ScoreVector,coverage,9.618301886792452,0.14078379991919074
RF,PreOrder__Hamming__2,Hamming,2.0,PreOrder,ScoreVector,lr_ap,0.6243181684077272,0.016683655734032125
RF,PreOrder__Hamming__2,Hamming,2.0,PreOrder,ScoreVector,auc_macro,0.6485265615601762,0.012484612332083271
RF,PreOrder__Hamming__2,Hamming,2.0,PreOrder,ScoreVector,auc_micro,0.6778858700886339,0.009919093581830745
RF,PreOrder__Hamming__2,Hamming,2.0,PreOrder,ScoreVector,auprc_macro,0.5019502700237458,0.024844370800927065
RF,PreOrder__Hamming__2,Hamming,2.0,PreOrder,ScoreVector,auprc_micro,0.5365942345882274,0.022660648901811454
RF,PreOrder__Hamming__2,Hamming,2.0,PreOrder,PreferenceOrder,hamming_accuracy_PRE_ORDER,0.43535973460501765,0.00971429123720961
RF,PreOrder__Hamming__2,Hamming,2.0,PreOrder,PreferenceOrder,subset0_1_PRE_ORDER,0.0,0.0
RF,PreOrder__Subset__None,Subset,,PreOrder,BinaryVector,hamming_accuracy,0.5899595687331537,0.012089632388187914
RF,PreOrder__Subset__None,Subset,,PreOrder,BinaryVector,subset0_1,0.0003773584905660377,0.0012796849024764659
RF,PreOrder__Subset__None,Subset,,PreOrder,BinaryVector,f1,0.5378690277120886,0.016993994147068047
RF,PreOrder__Subset__None,Subset,,PreOrder,BinaryVector,jaccard,0.3891234787225354,0.015111552992937479
RF,PreOrder__Subset__None,Subset,,PreOrder,BinaryVector,macro_f1,0.5347469532588357,0.017394978939589287
RF,PreOrder__Subset__None,Subset,,PreOrder,BinaryVector,micro_f1,0.5635070675885302,0.015202932547839653
RF,PreOrder__Subset__None,Subset,,PreOrder,BinaryVector,macro_precision,0.4374576044537474,0.019952867830178668
RF,PreOrder__Subset__None,Subset,,PreOrder,BinaryVector,micro_precision,0.45878872619293964,0.018384961292100155
RF,PreOrder__Subset__None,Subset,,PreOrder,BinaryVector,macro_recall,0.6992435951498205,0.012494046001785561
RF,PreOrder__Subset__None,Subset,,PreOrder,BinaryVector,micro_recall,0.7308467454989577,0.011959431440055462
RF,PreOrder__Subset__None,Subset,,PreOrder,BinaryVector,example_precision,0.4555230838344046,0.01895743052845554
RF,PreOrder__Subset__None,Subset,,PreOrder,BinaryVector,example_recall,0.7326332394021072,0.01731947436602868
RF,PreOrder__Subset__None,Subset,,PreOrder,BinaryVector,mfrd,0.5976452392340518,0.05912099203615511
RF,PreOrder__Subset__None,Subset,,PreOrder,BinaryVector,afrd,0.246201858120332,0.024460874524620167
RF,PreOrder__Subset__None,Subset,,PreOrder,PartialAbstention,hamming_accuracy_pa,0.5918079722940477,0.012372705646129517
RF,PreOrder__Subset__None,Subset,,PreOrder,PartialAbstention,subset0_1_pa,0.0003773584905660377,0.0012796849024764659
RF,PreOrder__Subset__None,Subset,,PreOrder,PartialAbstention,f1_pa,0.5386496587240854,0.017244046064391987
RF,PreOrder__Subset__None,Subset,,PreOrder,PartialAbstention,jaccard_pa,0.38990406187104304,0.015324328057706303
RF,PreOrder__Subset__None,Subset,,PreOrder,PartialAbstention,example_precision_pa,0.4568515504411731,0.01941738054641937
RF,PreOrder__Subset__None,Subset,,PreOrder,PartialAbstention,example_recall_pa,0.7315578425767106,0.017608134354691246
RF,PreOrder__Subset__None,Subset,,PreOrder,PartialAbstention,macro_precision_pa,0.43937522557385755,0.020473872349212996
RF,PreOrder__Subset__None,Subset,,PreOrder,PartialAbstention,micro_precision_pa,0.46090889143315195,0.018817747846893558
RF,PreOrder__Subset__None,Subset,,PreOrder,PartialAbstention,macro_recall_pa,0.6982258831333235,0.0127753508672576
RF,PreOrder__Subset__None,Subset,,PreOrder,PartialAbstention,micro_recall_pa,0.730084820060605,0.01213828574995394
RF,PreOrder__Subset__None,Subset,,PreOrder,PartialAbstention,macro_f1_pa,0.5358892425522983,0.017671389898886152
RF,PreOrder__Subset__None,Subset,,PreOrder,PartialAbstention,micro_f1_pa,0.5648637388376515,0.015431441236948932
RF,PreOrder__Subset__None,Subset,,PreOrder,PartialAbstention,mfrd_pa,0.5956398299394664,0.06033199567297314
RF,PreOrder__Subset__None,Subset,,PreOrder,PartialAbstention,afrd_pa,0.24470810589011371,0.024977415717201988
RF,PreOrder__Subset__None,Subset,,PreOrder,PartialAbstention,arec,0.5937735849056603,0.012473670150279231
RF,PreOrder__Subset__None,Subset,,PreOrder,PartialAbstention,aabs,0.004824797843665769,0.002185034741339383
RF,PreOrder__Subset__None,Subset,,PreOrder,PartialAbstention,rec,0.0003773584905660377,0.0012796849024764659
RF,PreOrder__Subset__None,Subset,,PreOrder,PartialAbstention,abs,0.05528301886792453,0.021409898796232882
RF,PreOrder__Subset__None,Subset,,PreOrder,ScoreVector,ranking_loss,0.32982141207848753,0.010907612458334421
RF,PreOrder__Subset__None,Subset,,PreOrder,ScoreVector,one_error,0.37,0.039915360790751885
RF,PreOrder__Subset__None,Subset,,PreOrder,ScoreVector,coverage,9.618301886792452,0.14078379991919074
RF,PreOrder__Subset__None,Subset,,PreOrder,ScoreVector,lr_ap,0.6243181684077272,0.016683655734032125
RF,PreOrder__Subset__None,Subset,,PreOrder,ScoreVector,auc_macro,0.6485265615601762,0.012484612332083271
RF,PreOrder__Subset__None,Subset,,PreOrder,ScoreVector,auc_micro,0.6778858700886339,0.009919093581830745
RF,PreOrder__Subset__None,Subset,,PreOrder,ScoreVector,auprc_macro,0.5019502700237458,0.024844370800927065
RF,PreOrder__Subset__None,Subset,,PreOrder,ScoreVector,auprc_micro,0.5365942345882274,0.022660648901811454
RF,PreOrder__Subset__None,Subset,,PreOrder,PreferenceOrder,hamming_accuracy_PRE_ORDER,0.43325523533070703,0.010877240748598629
RF,PreOrder__Subset__None,Subset,,PreOrder,PreferenceOrder,subset0_1_PRE_ORDER,0.00018867924528301886,0.0009243357519936521
RF,PreOrder__Subset__2,Subset,2.0,PreOrder,BinaryVector,hamming_accuracy,0.6478167115902964,0.009494664163027314
RF,PreOrder__Subset__2,Subset,2.0,PreOrder,BinaryVector,subset0_1,0.00339622641509434,0.004116495137598383
RF,PreOrder__Subset__2,Subset,2.0,PreOrder,BinaryVector,f1,0.4853913630148371,0.014573743250883437
RF,PreOrder__Subset__2,Subset,2.0,PreOrder,BinaryVector,jaccard,0.34304712425938855,0.012549313272137985
RF,PreOrder__Subset__2,Subset,2.0,PreOrder,BinaryVector,macro_f1,0.4605958124613297,0.014890904743986912
RF,PreOrder__Subset__2,Subset,2.0,PreOrder,BinaryVector,micro_f1,0.5025079917433987,0.013076545317595412
RF,PreOrder__Subset__2,Subset,2.0,PreOrder,BinaryVector,macro_precision,0.4761270353664272,0.02375163423115809
RF,PreOrder__Subset__2,Subset,2.0,PreOrder,BinaryVector,micro_precision,0.5148346157378139,0.02122524653497412
RF,PreOrder__Subset__2,Subset,2.0,PreOrder,BinaryVector,macro_recall,0.45311887075772944,0.00950730725342339
RF,PreOrder__Subset__2,Subset,2.0,PreOrder,BinaryVector,micro_recall,0.49106602888163553,0.008801053272256007
RF,PreOrder__Subset__2,Subset,2.0,PreOrder,BinaryVector,example_precision,0.5206814914645104,0.02158054821218979
RF,PreOrder__Subset__2,Subset,2.0,PreOrder,BinaryVector,example_recall,0.506580794467587,0.011706344266027582
RF,PreOrder__Subset__2,Subset,2.0,PreOrder,BinaryVector,mfrd,0.6266832106678062,0.060438278622929616
RF,PreOrder__Subset__2,Subset,2.0,PreOrder,BinaryVector,afrd,0.30592933211622475,0.016213542148459742
RF,PreOrder__Subset__2,Subset,2.0,PreOrder,PartialAbstention,hamming_accuracy_pa,0.6490174607894126,0.009377453498737318
RF,PreOrder__Subset__2,Subset,2.0,PreOrder,PartialAbstention,subset0_1_pa,0.003584905660377359,0.004064275326139248
RF,PreOrder__Subset__2,Subset,2.0,PreOrder,PartialAbstention,f1_pa,0.4856835257786979,0.014522263163467601
RF,PreOrder__Subset__2,Subset,2.0,PreOrder,PartialAbstention,jaccard_pa,0.34340293302085767,0.012566360141462047
RF,PreOrder__Subset__2,Subset,2.0,PreOrder,PartialAbstention,example_precision_pa,0.5217711889787362,0.021964197825860652
RF,PreOrder__Subset__2,Subset,2.0,PreOrder,PartialAbstention,example_recall_pa,0.5055295815295816,0.011096163839220049
RF,PreOrder__Subset__2,Subset,2.0,PreOrder,PartialAbstention,macro_precision_pa,0.47850268679623886,0.024207313975859887
RF,PreOrder__Subset__2,Subset,2.0,PreOrder,PartialAbstention,micro_precision_pa,0.5173135454718382,0.021497900966921578
RF,PreOrder__Subset__2,Subset,2.0,PreOrder,PartialAbstention,macro_recall_pa,0.4522126785492449,0.009615943391275084
RF,PreOrder__Subset__2,Subset,2.0,PreOrder,PartialAbstention,micro_recall_pa,0.49031131120931676,0.008766716873510268
RF,PreOrder__Subset__2,Subset,2.0,PreOrder,PartialAbstention,macro_f1_pa,0.46109961767565366,0.014831752544123597
RF,PreOrder__Subset__2,Subset,2.0,PreOrder,PartialAbstention,micro_f1_pa,0.5032762156640012,0.01296548356504113
RF,PreOrder__Subset__2,Subset,2.0,PreOrder,PartialAbstention,mfrd_pa,0.6303222309901674,0.0615394239393488
RF,PreOrder__Subset__2,Subset,2.0,PreOrder,PartialAbstention,afrd_pa,0.3083814459240612,0.016126499020391052
RF,PreOrder__Subset__2,Subset,2.0,PreOrder,PartialAbstention,arec,0.6499595687331536,0.009342996166343147
RF,PreOrder__Subset__2,Subset,2.0,PreOrder,PartialAbstention,aabs,0.0026819407008086254,0.0017139763066487022
RF,PreOrder__Subset__2,Subset,2.0,PreOrder,PartialAbstention,rec,0.003584905660377359,0.004064275326139248
RF,PreOrder__Subset__2,Subset,2.0,PreOrder,PartialAbstention,abs,0.028113207547169818,0.015529115730982833
RF,PreOrder__Subset__2,Subset,2.0,PreOrder,ScoreVector,ranking_loss,0.32982141207848753,0.010907612458334421
RF,PreOrder__Subset__2,Subset,2.0,PreOrder,ScoreVector,one_error,0.37,0.039915360790751885
RF,PreOrder__Subset__2,Subset,2.0,PreOrder,ScoreVector,coverage,9.618301886792452,0.14078379991919074
RF,PreOrder__Subset__2,Subset,2.0,PreOrder,ScoreVector,lr_ap,0.6243181684077272,0.016683655734032125
RF,PreOrder__Subset__2,Subset,2.0,PreOrder,ScoreVector,auc_macro,0.6485265615601762,0.012484612332083271
RF,PreOrder__Subset__2,Subset,2.0,PreOrder,ScoreVector,auc_micro,0.6778858700886339,0.009919093581830745
RF,PreOrder__Subset__2,Subset,2.0,PreOrder,ScoreVector,auprc_macro,0.5019502700237458,0.024844370800927065
RF,PreOrder__Subset__2,Subset,2.0,PreOrder,ScoreVector,auprc_micro,0.5365942345882274,0.022660648901811454
RF,PreOrder__Subset__2,Subset,2.0,PreOrder,PreferenceOrder,hamming_accuracy_PRE_ORDER,0.43593613933236575,0.01033903466577881
RF,PreOrder__Subset__2,Subset,2.0,PreOrder,PreferenceOrder,subset0_1_PRE_ORDER,0.0,0.0
RF,PartialOrder__Hamming__None,Hamming,,PartialOrder,BinaryVector,hamming_accuracy,0.5844474393530997,0.009439678668566273
RF,PartialOrder__Hamming__None,Hamming,,PartialOrder,BinaryVector,subset0_1,0.0005660377358490566,0.0015328374348369737
RF,PartialOrder__Hamming__None,Hamming,,PartialOrder,BinaryVector,f1,0.5200828519962232,0.015223626791858198
RF,PartialOrder__Hamming__None,Hamming,,PartialOrder,BinaryVector,jaccard,0.3721143589115287,0.012962398711861762
RF,PartialOrder__Hamming__None,Hamming,,PartialOrder,BinaryVector,macro_f1,0.5126615262356511,0.016236681547659348
RF,PartialOrder__Hamming__None,Hamming,,PartialOrder,BinaryVector,micro_f1,0.5421203993765487,0.013209997248937984
RF,PartialOrder__Hamming__None,Hamming,,PartialOrder,BinaryVector,macro_precision,0.42900303699318987,0.0199548286831301
RF,PartialOrder__Hamming__None,Hamming,,PartialOrder,BinaryVector,micro_precision,0.4513645837732632,0.01806014081523268
RF,PartialOrder__Hamming__None,Hamming,,PartialOrder,BinaryVector,macro_recall,0.6476670941278685,0.010755997829143495
RF,PartialOrder__Hamming__None,Hamming,,PartialOrder,BinaryVector,micro_recall,0.6792815566639402,0.00878778012414343
RF,PartialOrder__Hamming__None,Hamming,,PartialOrder,BinaryVector,example_precision,0.4535738025077648,0.018934996305038834
RF,PartialOrder__Hamming__None,Hamming,,PartialOrder,BinaryVector,example_recall,0.689500422009856,0.014173901482690899
RF,PartialOrder__Hamming__None,Hamming,,PartialOrder,BinaryVector,mfrd,0.5176648115200362,0.06635271389408036
RF,PartialOrder__Hamming__None,Hamming,,PartialOrder,BinaryVector,afrd,0.2025360979765206,0.01804044240289592
RF,PartialOrder__Hamming__None,Hamming,,PartialOrder,PartialAbstention,hamming_accuracy_pa,0.6197528458020785,0.007697700421003899
RF,PartialOrder__Hamming__None,Hamming,,PartialOrder,PartialAbstention,subset0_1_pa,0.0047169811320754715,0.0042189961839618675
RF,PartialOrder__Hamming__None,Hamming,,PartialOrder,PartialAbstention,f1_pa,0.5259287103456741,0.015844054235353705
RF,PartialOrder__Hamming__None,Hamming,,PartialOrder,PartialAbstention,jaccard_pa,0.3819844400882138,0.013062470688483386
RF,PartialOrder__Hamming__None,Hamming,,PartialOrder,PartialAbstention,example_precision_pa,0.4863961311225462,0.018604762230009685
RF,PartialOrder__Hamming__None,Hamming,,PartialOrder,PartialAbstention,example_recall_pa,0.645510196302649,0.018973723604513645
RF,PartialOrder__Hamming__None,Hamming,,PartialOrder,PartialAbstention,macro_precision_pa,0.45627497294955416,0.02262923470887472
RF,PartialOrder__Hamming__None,Hamming,,PartialOrder,PartialAbstention,micro_precision_pa,0.4849835528058895,0.019419847262026554
RF,PartialOrder__Hamming__None,Hamming,,PartialOrder,PartialAbstention,macro_recall_pa,0.5993508330314945,0.013352295375834407
RF,PartialOrder__Hamming__None,Hamming,,PartialOrder,PartialAbstention,micro_recall_pa,0.6367165990030534,0.011071267103353773
RF,PartialOrder__Hamming__None,Hamming,,PartialOrder,PartialAbstention,macro_f1_pa,0.5147883621394821,0.017543554400456768
RF,PartialOrder__Hamming__None,Hamming,,PartialOrder,PartialAbstention,micro_f1_pa,0.5503788837690916,0.014105195113171503
RF,PartialOrder__Hamming__None,Hamming,,PartialOrder,PartialAbstention,mfrd_pa,0.4740086961190147,0.06758038120236061
RF,PartialOrder__Hamming__None,Hamming,,PartialOrder,PartialAbstention,afrd_pa,0.20768369488971059,0.019268509659686937
RF,PartialOrder__Hamming__None,Hamming,,PartialOrder,PartialAbstention,arec,0.6674123989218327,0.007235904154569161
RF,PartialOrder__Hamming__None,Hamming,,PartialOrder,PartialAbstention,aabs,0.12525606469002695,0.013810327559601633
RF,PartialOrder__Hamming__None,Hamming,,PartialOrder,PartialAbstention,rec,0.0047169811320754715,0.0042189961839618675
RF,PartialOrder__Hamming__None,Hamming,,PartialOrder,PartialAbstention,abs,0.6522641509433962,0.03774811121527007
RF,PartialOrder__Hamming__None,Hamming,,PartialOrder,ScoreVector,ranking_loss,0.32982141207848753,0.010907612458334421
RF,PartialOrder__Hamming__None,Hamming,,PartialOrder,ScoreVector,one_error,0.37,0.039915360790751885
RF,PartialOrder__Hamming__None,Hamming,,PartialOrder,ScoreVector,coverage,9.618301886792452,0.14078379991919074
RF,PartialOrder__Hamming__None,Hamming,,PartialOrder,ScoreVector,lr_ap,0.6243181684077272,0.016683655734032125
RF,PartialOrder__Hamming__None,Hamming,,PartialOrder,ScoreVector,auc_macro,0.6485265615601762,0.012484612332083271
RF,PartialOrder__Hamming__None,Hamming,,PartialOrder,ScoreVector,auc_micro,0.6778858700886339,0.009919093581830745
RF,PartialOrder__Hamming__None,Hamming,,PartialOrder,ScoreVector,auprc_macro,0.5019502700237458,0.024844370800927065
RF,PartialOrder__Hamming__None,Hamming,,PartialOrder,ScoreVector,auprc_micro,0.5365942345882274,0.022660648901811454
RF,PartialOrder__Hamming__None,Hamming,,PartialOrder,PreferenceOrder,hamming_accuracy_PARTIAL_ORDER,0.5357578270785818,0.004756578154582199
RF,PartialOrder__Hamming__None,Hamming,,PartialOrder,PreferenceOrder,subset0_1_PARTIAL_ORDER,0.0,0.0
RF,PartialOrder__Hamming__2,Hamming,2.0,PartialOrder,BinaryVector,hamming_accuracy,0.5931536388140163,0.009721326101255374
RF,PartialOrder__Hamming__2,Hamming,2.0,PartialOrder,BinaryVector,subset0_1,0.0005660377358490566,0.0015328374348369737
RF,PartialOrder__Hamming__2,Hamming,2.0,PartialOrder,BinaryVector,f1,0.5156225630170079,0.014597674097254276
RF,PartialOrder__Hamming__2,Hamming,2.0,PartialOrder,BinaryVector,jaccard,0.36823475999891103,0.012490324450882176
RF,PartialOrder__Hamming__2,Hamming,2.0,PartialOrder,BinaryVector,macro_f1,0.5070634785083449,0.015408040234518316
RF,PartialOrder__Hamming__2,Hamming,2.0,PartialOrder,BinaryVector,micro_f1,0.5376609364192756,0.012492898488042137
RF,PartialOrder__Hamming__2,Hamming,2.0,PartialOrder,BinaryVector,macro_precision,0.433309570085456,0.019861328411410785
RF,PartialOrder__Hamming__2,Hamming,2.0,PartialOrder,BinaryVector,micro_precision,0.4572045529035057,0.018002743183824024
RF,PartialOrder__Hamming__2,Hamming,2.0,PartialOrder,BinaryVector,macro_recall,0.6208130193255219,0.009583876677140155
RF,PartialOrder__Hamming__2,Hamming,2.0,PartialOrder,BinaryVector,micro_recall,0.6531886385566934,0.009067938553757137
RF,PartialOrder__Hamming__2,Hamming,2.0,PartialOrder,BinaryVector,example_precision,0.45993926304303673,0.019069469408186508
RF,PartialOrder__Hamming__2,Hamming,2.0,PartialOrder,BinaryVector,example_recall,0.6635337335620354,0.013736198385458002
RF,PartialOrder__Hamming__2,Hamming,2.0,PartialOrder,BinaryVector,mfrd,0.4618534372140332,0.07141468281214844
RF,PartialOrder__Hamming__2,Hamming,2.0,PartialOrder,BinaryVector,afrd,0.1859648964121464,0.019333501681211215
RF,PartialOrder__Hamming__2,Hamming,2.0,PartialOrder,PartialAbstention,hamming_accuracy_pa,0.6292134092935802,0.0087092983390962
RF,PartialOrder__Hamming__2,Hamming,2.0,PartialOrder,PartialAbstention,subset0_1_pa,0.005094339622641509,0.004408800545489782
RF,PartialOrder__Hamming__2,Hamming,2.0,PartialOrder,PartialAbstention,f1_pa,0.5209651268648144,0.015221748030160603
RF,PartialOrder__Hamming__2,Hamming,2.0,PartialOrder,PartialAbstention,jaccard_pa,0.37766563415620025,0.012574182446646286
RF,PartialOrder__Hamming__2,Hamming,2.0,PartialOrder,PartialAbstention,example_precision_pa,0.4942489994282448,0.018730449154980178
RF,PartialOrder__Hamming__2,Hamming,2.0,PartialOrder,PartialAbstention,example_recall_pa,0.6183980369735086,0.01719048745732336
RF,PartialOrder__Hamming__2,Hamming,2.0,PartialOrder,PartialAbstention,macro_precision_pa,0.4635891833370075,0.02291650731493149
RF,PartialOrder__Hamming__2,Hamming,2.0,PartialOrder,PartialAbstention,micro_precision_pa,0.49436096601524215,0.019298179229270324
RF,PartialOrder__Hamming__2,Hamming,2.0,PartialOrder,PartialAbstention,macro_recall_pa,0.5694971839426516,0.011466518250460501
RF,PartialOrder__Hamming__2,Hamming,2.0,PartialOrder,PartialAbstention,micro_recall_pa,0.6076138743016878,0.01030877202329305
RF,PartialOrder__Hamming__2,Hamming,2.0,PartialOrder,PartialAbstention,macro_f1_pa,0.5077857638989243,0.01676508558594292
RF,PartialOrder__Hamming__2,Hamming,2.0,PartialOrder,PartialAbstention,micro_f1_pa,0.544969913700551,0.013399053368008902
RF,PartialOrder__Hamming__2,Hamming,2.0,PartialOrder,PartialAbstention,mfrd_pa,0.4662667858085239,0.07164502382689564
RF,PartialOrder__Hamming__2,Hamming,2.0,PartialOrder,PartialAbstention,afrd_pa,0.2139277315984028,0.02172900307653957
RF,PartialOrder__Hamming__2,Hamming,2.0,PartialOrder,PartialAbstention,arec,0.6752021563342318,0.008837518226822093
RF,PartialOrder__Hamming__2,Hamming,2.0,PartialOrder,PartialAbstention,aabs,0.12400269541778977,0.01388384821293913
RF,PartialOrder__Hamming__2,Hamming,2.0,PartialOrder,PartialAbstention,rec,0.005094339622641509,0.004408800545489782
RF,PartialOrder__Hamming__2,Hamming,2.0,PartialOrder,PartialAbstention,abs,0.6447169811320754,0.03798783789183965
RF,PartialOrder__Hamming__2,Hamming,2.0,PartialOrder,ScoreVector,ranking_loss,0.32982141207848753,0.010907612458334421
RF,PartialOrder__Hamming__2,Hamming,2.0,PartialOrder,ScoreVector,one_error,0.37,0.039915360790751885
RF,PartialOrder__Hamming__2,Hamming,2.0,PartialOrder,ScoreVector,coverage,9.618301886792452,0.14078379991919074
RF,PartialOrder__Hamming__2,Hamming,2.0,PartialOrder,ScoreVector,lr_ap,0.6243181684077272,0.016683655734032125
RF,PartialOrder__Hamming__2,Hamming,2.0,PartialOrder,ScoreVector,auc_macro,0.6485265615601762,0.012484612332083271
RF,PartialOrder__Hamming__2,Hamming,2.0,PartialOrder,ScoreVector,auc_micro,0.6778858700886339,0.009919093581830745
RF,PartialOrder__Hamming__2,Hamming,2.0,PartialOrder,ScoreVector,auprc_macro,0.5019502700237458,0.024844370800927065
RF,PartialOrder__Hamming__2,Hamming,2.0,PartialOrder,ScoreVector,auprc_micro,0.5365942345882274,0.022660648901811454
RF,PartialOrder__Hamming__2,Hamming,2.0,PartialOrder,PreferenceOrder,hamming_accuracy_PARTIAL_ORDER,0.5372776280323449,0.00502367507382284
RF,PartialOrder__Hamming__2,Hamming,2.0,PartialOrder,PreferenceOrder,subset0_1_PARTIAL_ORDER,0.0,0.0
RF,PartialOrder__Subset__None,Subset,,PartialOrder,BinaryVector,hamming_accuracy,0.5842318059299191,0.009349836695931247
RF,PartialOrder__Subset__None,Subset,,PartialOrder,BinaryVector,subset0_1,0.0003773584905660377,0.0012796849024764659
RF,PartialOrder__Subset__None,Subset,,PartialOrder,BinaryVector,f1,0.5203138538383297,0.015024344966998452
RF,PartialOrder__Subset__None,Subset,,PartialOrder,BinaryVector,jaccard,0.372346505171977,0.012775131028459879
RF,PartialOrder__Subset__None,Subset,,PartialOrder,BinaryVector,macro_f1,0.5130492760603051,0.01606379642015691
RF,PartialOrder__Subset__None,Subset,,PartialOrder,BinaryVector,micro_f1,0.5424689815359975,0.013073959261397271
RF,PartialOrder__Subset__None,Subset,,PartialOrder,BinaryVector,macro_precision,0.4289652357436261,0.01976151322280741
RF,PartialOrder__Subset__None,Subset,,PartialOrder,BinaryVector,micro_precision,0.4512689267694261,0.017911376394613942
RF,PartialOrder__Subset__None,Subset,,PartialOrder,BinaryVector,macro_recall,0.6490335616148034,0.010685117137423187
RF,PartialOrder__Subset__None,Subset,,PartialOrder,BinaryVector,micro_recall,0.6805895734800805,0.008691022887984554
RF,PartialOrder__Subset__None,Subset,,PartialOrder,BinaryVector,example_precision,0.4532730660325,0.018692025664421612
RF,PartialOrder__Subset__None,Subset,,PartialOrder,BinaryVector,example_recall,0.690441190884587,0.013766596396075016
RF,PartialOrder__Subset__None,Subset,,PartialOrder,BinaryVector,mfrd,0.5203634603546854,0.06422432155650329
RF,PartialOrder__Subset__None,Subset,,PartialOrder,BinaryVector,afrd,0.2029255701597212,0.0182556607378699
RF,PartialOrder__Subset__None,Subset,,PartialOrder,PartialAbstention,hamming_accuracy_pa,0.6195285438907403,0.007606102067268718
RF,PartialOrder__Subset__None,Subset,,PartialOrder,PartialAbstention,subset0_1_pa,0.004528301886792453,0.0041078379352975924
RF,PartialOrder__Subset__None,Subset,,PartialOrder,PartialAbstention,f1_pa,0.5260725553872497,0.01564575642674819
RF,PartialOrder__Subset__None,Subset,,PartialOrder,PartialAbstention,jaccard_pa,0.38206982064057543,0.012835015888624275
RF,PartialOrder__Subset__None,Subset,,PartialOrder,PartialAbstention,example_precision_pa,0.4859016717035585,0.018491766822449917
RF,PartialOrder__Subset__None,Subset,,PartialOrder,PartialAbstention,example_recall_pa,0.6464372634702821,0.0186135659008135
RF,PartialOrder__Subset__None,Subset,,PartialOrder,PartialAbstention,macro_precision_pa,0.4560825695061389,0.022310097066719152
RF,PartialOrder__Subset__None,Subset,,PartialOrder,PartialAbstention,micro_precision_pa,0.4848080334427822,0.01919171609678492
RF,PartialOrder__Subset__None,Subset,,PartialOrder,PartialAbstention,macro_recall_pa,0.6008903594697292,0.012852152884780935
RF,PartialOrder__Subset__None,Subset,,PartialOrder,PartialAbstention,micro_recall_pa,0.6382081811811264,0.010767716514947274
RF,PartialOrder__Subset__None,Subset,,PartialOrder,PartialAbstention,macro_f1_pa,0.5152597683409229,0.0172358076325278
RF,PartialOrder__Subset__None,Subset,,PartialOrder,PartialAbstention,micro_f1_pa,0.5508238196757036,0.01385664267644733
RF,PartialOrder__Subset__None,Subset,,PartialOrder,PartialAbstention,mfrd_pa,0.4761534152972207,0.06318330171787499
RF,PartialOrder__Subset__None,Subset,,PartialOrder,PartialAbstention,afrd_pa,0.20756408868640297,0.018563417571795006
RF,PartialOrder__Subset__None,Subset,,PartialOrder,PartialAbstention,arec,0.6672237196765499,0.007223593956342528
RF,PartialOrder__Subset__None,Subset,,PartialOrder,PartialAbstention,aabs,0.12528301886792453,0.01359940451203399
RF,PartialOrder__Subset__None,Subset,,PartialOrder,PartialAbstention,rec,0.004528301886792453,0.0041078379352975924
RF,PartialOrder__Subset__None,Subset,,PartialOrder,PartialAbstention,abs,0.6522641509433963,0.035837138038606664
RF,PartialOrder__Subset__None,Subset,,PartialOrder,ScoreVector,ranking_loss,0.32982141207848753,0.010907612458334421
RF,PartialOrder__Subset__None,Subset,,PartialOrder,ScoreVector,one_error,0.37,0.039915360790751885
RF,PartialOrder__Subset__None,Subset,,PartialOrder,ScoreVector,coverage,9.618301886792452,0.14078379991919074
RF,PartialOrder__Subset__None,Subset,,PartialOrder,ScoreVector,lr_ap,0.6243181684077272,0.016683655734032125
RF,PartialOrder__Subset__None,Subset,,PartialOrder,ScoreVector,auc_macro,0.6485265615601762,0.012484612332083271
RF,PartialOrder__Subset__None,Subset,,PartialOrder,ScoreVector,auc_micro,0.6778858700886339,0.009919093581830745
RF,PartialOrder__Subset__None,Subset,,PartialOrder,ScoreVector,auprc_macro,0.5019502700237458,0.024844370800927065
RF,PartialOrder__Subset__None,Subset,,PartialOrder,ScoreVector,auprc_micro,0.5365942345882274,0.022660648901811454
RF,PartialOrder__Subset__None,Subset,,PartialOrder,PreferenceOrder,hamming_accuracy_PARTIAL_ORDER,0.5357246527057847,0.004800308889006682
RF,PartialOrder__Subset__None,Subset,,PartialOrder,PreferenceOrder,subset0_1_PARTIAL_ORDER,0.0,0.0
RF,PartialOrder__Subset__2,Subset,2.0,PartialOrder,BinaryVector,hamming_accuracy,0.5924258760107817,0.009873161202146333
RF,PartialOrder__Subset__2,Subset,2.0,PartialOrder,BinaryVector,subset0_1,0.0007547169811320754,0.001729273847153147
RF,PartialOrder__Subset__2,Subset,2.0,PartialOrder,BinaryVector,f1,0.5148510700685626,0.014848703451132839
RF,PartialOrder__Subset__2,Subset,2.0,PartialOrder,BinaryVector,jaccard,0.36750640763848325,0.012632366424418841
RF,PartialOrder__Subset__2,Subset,2.0,PartialOrder,BinaryVector,macro_f1,0.5064792756110135,0.015580544616820508
RF,PartialOrder__Subset__2,Subset,2.0,PartialOrder,BinaryVector,micro_f1,0.5369164516461185,0.012834091426208926
RF,PartialOrder__Subset__2,Subset,2.0,PartialOrder,BinaryVector,macro_precision,0.4327841062563852,0.020094326963524974
RF,PartialOrder__Subset__2,Subset,2.0,PartialOrder,BinaryVector,micro_precision,0.45651732965648006,0.018325016496208327
RF,PartialOrder__Subset__2,Subset,2.0,PartialOrder,BinaryVector,macro_recall,0.6202020326754841,0.008956494342732917
RF,PartialOrder__Subset__2,Subset,2.0,PartialOrder,BinaryVector,micro_recall,0.652395993658628,0.008903786809003547
RF,PartialOrder__Subset__2,Subset,2.0,PartialOrder,BinaryVector,example_precision,0.4592546065046066,0.01913746206758612
RF,PartialOrder__Subset__2,Subset,2.0,PartialOrder,BinaryVector,example_recall,0.6625200454681586,0.013743987301165883
RF,PartialOrder__Subset__2,Subset,2.0,PartialOrder,BinaryVector,mfrd,0.4597623845561644,0.07005855820664567
RF,PartialOrder__Subset__2,Subset,2.0,PartialOrder,BinaryVector,afrd,0.1850454552345918,0.019236180966016692
RF,PartialOrder__Subset__2,Subset,2.0,PartialOrder,PartialAbstention,hamming_accuracy_pa,0.6285620043427739,0.008873180463598255
RF,PartialOrder__Subset__2,Subset,2.0,PartialOrder,PartialAbstention,subset0_1_pa,0.005283018867924528,0.004285968562868131
RF,PartialOrder__Subset__2,Subset,2.0,PartialOrder,PartialAbstention,f1_pa,0.5200675558466756,0.015804930147884658
RF,PartialOrder__Subset__2,Subset,2.0,PartialOrder,PartialAbstention,jaccard_pa,0.3767502727880088,0.012979460412921024
RF,PartialOrder__Subset__2,Subset,2.0,PartialOrder,PartialAbstention,example_precision_pa,0.49354923902093717,0.019176472360592875
RF,PartialOrder__Subset__2,Subset,2.0,PartialOrder,PartialAbstention,example_recall_pa,0.6172384423752347,0.0176507235592992
RF,PartialOrder__Subset__2,Subset,2.0,PartialOrder,PartialAbstention,macro_precision_pa,0.4630453342372056,0.023162791398940636
RF,PartialOrder__Subset__2,Subset,2.0,PartialOrder,PartialAbstention,micro_precision_pa,0.49373427555382227,0.019646331142706613
RF,PartialOrder__Subset__2,Subset,2.0,PartialOrder,PartialAbstention,macro_recall_pa,0.5687446015268826,0.01136187923919541
RF,PartialOrder__Subset__2,Subset,2.0,PartialOrder,PartialAbstention,micro_recall_pa,0.6066594898047621,0.010688975784038287
RF,PartialOrder__Subset__2,Subset,2.0,PartialOrder,PartialAbstention,macro_f1_pa,0.5071990418364919,0.0170284900359393
RF,PartialOrder__Subset__2,Subset,2.0,PartialOrder,PartialAbstention,micro_f1_pa,0.5442062675338851,0.013867309238105629
RF,PartialOrder__Subset__2,Subset,2.0,PartialOrder,PartialAbstention,mfrd_pa,0.4611846063083188,0.06952047273573318
RF,PartialOrder__Subset__2,Subset,2.0,PartialOrder,PartialAbstention,afrd_pa,0.21268071286072449,0.020873919800807734
RF,PartialOrder__Subset__2,Subset,2.0,PartialOrder,PartialAbstention,arec,0.6747574123989221,0.008702756489613264
RF,PartialOrder__Subset__2,Subset,2.0,PartialOrder,PartialAbstention,aabs,0.12432614555256065,0.01366114213794696
RF,PartialOrder__Subset__2,Subset,2.0,PartialOrder,PartialAbstention,rec,0.005283018867924528,0.004285968562868131
RF,PartialOrder__Subset__2,Subset,2.0,PartialOrder,PartialAbstention,abs,0.6462264150943396,0.03790058382377484
RF,PartialOrder__Subset__2,Subset,2.0,PartialOrder,ScoreVector,ranking_loss,0.32982141207848753,0.010907612458334421
RF,PartialOrder__Subset__2,Subset,2.0,PartialOrder,ScoreVector,one_error,0.37,0.039915360790751885
RF,PartialOrder__Subset__2,Subset,2.0,PartialOrder,ScoreVector,coverage,9.618301886792452,0.14078379991919074
RF,PartialOrder__Subset__2,Subset,2.0,PartialOrder,ScoreVector,lr_ap,0.6243181684077272,0.016683655734032125
RF,PartialOrder__Subset__2,Subset,2.0,PartialOrder,ScoreVector,auc_macro,0.6485265615601762,0.012484612332083271
RF,PartialOrder__Subset__2,Subset,2.0,PartialOrder,ScoreVector,auc_micro,0.6778858700886339,0.009919093581830745
RF,PartialOrder__Subset__2,Subset,2.0,PartialOrder,ScoreVector,auprc_macro,0.5019502700237458,0.024844370800927065
RF,PartialOrder__Subset__2,Subset,2.0,PartialOrder,ScoreVector,auprc_micro,0.5365942345882274,0.022660648901811454
RF,PartialOrder__Subset__2,Subset,2.0,PartialOrder,PreferenceOrder,hamming_accuracy_PARTIAL_ORDER,0.5372257930748495,0.004975177006485142
RF,PartialOrder__Subset__2,Subset,2.0,PartialOrder,PreferenceOrder,subset0_1_PARTIAL_ORDER,0.0,0.0
